012000	8.629032258064516
012001	7.283870967741936
012002	7.3419354838709685
012003	7.358064516129033
012004	7.838709677419354
012005	8.016129032258066
012006	6.716129032258064
012007	9.738709677419356
012008	8.538709677419355
012009	4.32
012010	5.481481481481482
012011	4.714285714285714
012012	7.333333333333333
012013	6.275862068965517
022000	12.344444444444445
022001	12.164285714285715
022002	11.839285714285717
022003	9.278571428571428
022004	10.410344827586208
022005	9.146428571428572
022006	8.903571428571428
022007	11.878571428571428
022008	11.596551724137932
022009	9.37037037037037
022010	7.851851851851852
022011	9.785714285714286
022012	7.230769230769231
022013	7.2
032000	17.374193548387098
032001	15.477419354838714
032002	18.13870967741935
032003	17.332258064516132
032004	13.670967741935483
032005	15.361290322580643
032006	13.961290322580643
032007	16.551612903225806
032008	16.51290322580645
032009	14.566666666666666
032010	13.133333333333333
032011	13.741935483870968
032012	18.548387096774192
032013	10.741935483870968
042000	19.240000000000002
042001	18.456666666666667
042002	19.106666666666666
042003	18.506666666666668
042004	19.09333333333333
042005	17.586666666666666
042006	19.796666666666667
042007	23.84666666666667
042008	18.316666666666666
042009	19.266666666666666
042010	19.233333333333334
042011	22.366666666666667
042012	16.733333333333334
042013	17.633333333333333
052000	26.374193548387094
052001	25.206451612903226
052002	22.98
052003	27.561290322580643
052004	23.56129032258065
052005	25.541935483870965
052006	23.996774193548386
052007	25.16774193548387
052008	23.75161290322581
052009	26.64516129032258
052010	21.93548387096774
052011	25.64516129032258
052012	23.096774193548388
052013	21.06451612903226
062000	29.969999999999995
062001	28.780000000000005
062002	29.188461538461542
062003	33.04333333333334
062004	30.30333333333333
062005	30.040000000000006
062006	29.270000000000003
062007	27.790000000000003
062008	27.033333333333335
062009	29.533333333333335
062010	27.0
062011	26.1
062012	28.233333333333334
062013	27.344827586206897
072000	30.090322580645164
072001	31.19032258064515
072002	30.10645161290323
072003	32.03548387096775
072004	31.270967741935483
072005	31.251612903225798
072006	32.71290322580646
072007	31.912903225806456
072008	29.516129032258064
072009	30.903225806451612
072010	31.096774193548388
072011	28.096774193548388
072012	30.516129032258064
072013	30.741935483870968
082000	30.55483870967742
082001	32.383870967741935
082002	28.690322580645155
082003	35.28709677419354
082004	30.78387096774194
082005	28.66774193548387
082006	27.41612903225806
082007	28.59333333333333
082008	29.70967741935484
082009	31.677419354838708
082010	27.93548387096774
082011	31.096774193548388
082012	31.806451612903224
082013	29.225806451612904
092000	27.003333333333334
092001	23.736666666666668
092002	24.383333333333333
092003	26.43333333333333
092004	26.513333333333332
092005	26.06666666666667
092006	26.58666666666667
092007	24.636666666666667
092008	23.933333333333334
092009	27.066666666666666
092010	23.533333333333335
092011	27.379310344827587
092012	24.5
092013	24.96551724137931
102000	18.90322580645161
102001	21.474193548387095
102002	19.445161290322584
102003	17.677419354838705
102004	19.3
102005	19.164516129032265
102006	20.658064516129034
102007	19.864516129032264
102008	20.225806451612904
102009	19.533333333333335
102010	16.1
102011	19.322580645161292
102012	18.516129032258064
102013	17.70967741935484
112000	12.153333333333332
112001	11.599999999999996
112002	13.129999999999999
112003	12.453571428571427
112004	13.699999999999998
112005	14.408333333333333
112006	14.376666666666667
112007	13.07666666666667
112008	12.833333333333334
112009	11.833333333333334
112010	10.8
112011	11.166666666666666
112012	13.066666666666666
112013	12.2
122000	9.058064516129031
122001	6.935483870967741
122002	7.519354838709677
122003	9.490322580645161
122004	9.148387096774194
122005	6.216129032258065
122006	9.329032258064515
122007	7.8451612903225785
122008	6.379310344827586
122009	6.0
122010	4.25
122011	8.714285714285714
122012	6.416666666666667
122013	8.379310344827585
